7271
4999
5080
3042
8203
6356
7131
3138
7504
2333
1515
8014
2383
6304
3053
1015
5585
4611
5065
7129
5418
4303
6888
9233
4405
5838
6693
6772
6281
1803
6325
2904
4250
7432
6288
5914
5866
4755
7899
4560
2681
7881
2438
7760
3034
1088
2997
3842
5970
1026
8486
1622
8525
6918
1278
2650
5507
4747
4193
1745
4602
4354
8863
8777
8283
6089
6304
8951
8780
7449
8694
4014
3829
2504
6149
2632
5516
1696
8413
8968
4824
8686
9738
5047
9640
5377
4592
3759
9446
1436
9918
1642
1539
3376
7626
5732
9434
4152
5455
8086
4310
7580
7031
1959
8635
4797
8880
8406
6790
8385
3749
7725
4891
3813
2080
4940
8667
6864
9515
1303
5716
1730
1068
5741
2473
2281
4918
4600
8430
5286
9098
6072
9575
6842
6050
7552
7520
5608
5617
4427
3409
4590
3600
7769
9089
9632
4545
4881
9236
6809
2756
6199
1013
3295
7601
4356
3462
5432
4234
6134
9222
7666
3005
7873
7930
6743
2819
8738
3562
4078
9066
3971
4298
3923
2730
6518
2680
1595
3960
9350
9431
6350
2169
9921
1233
4001
8845
6360
5295
9556
1248
1968
4145
1704
7482
1122
9091
6949
5578
2481
1304
1934
9386
3868
1928
7891
1642
7495
3537
7771
9049
3973
8409
6570
4885
2315
4035
3685
3585
6461
5436
7010
9433
4301
6864
8575
4940
8404
8015
5562
5739
8432
6894
5163
5246
1492
5392
5748
4500
4633
9293
5818
9975
3744
5392
6863
8504
7394
3561
7412
1130
1073
1153
6623
5365
8915
8669
2909
3464
2535
9317
3427
8859
3118
2860
1794
4995
5227
3750
4585
5904
4205
9368
4049
2704
4383
6111
3175
1629
1943
4454
4966
1508
1230
8715
9606
6657
3997
7236
1700
2057
6440
8496
4690
6688
1718
1201
1779
1430
5683
9348
3596
4915
3362
8193
3106
6895
4851
6452
9730
5711
5973
6166
2268
2567
6898
1041
5107
3221
7945
2535
5508
4801
1518
4907
5105
6559
1767
5153
6471
8808
2246
6404
4687
2914
6311
5801
6038
8723
5524
6494
1421
4410
7972
5578
3272
9254
2716
5657
6600
3487
2742
9642
7118
1634
8896
6400
5760
2887
2076
5806
2470
1536
6487
9917
9640
4875
7377
4330
7926
3556
5286
1004
1715
1073
1790
7442
5518
6409
4548
7448
1456
6839
6116
9436
1127
1814
1319
4982
9314
7286
6801
3144
5919
9402
7850
1684
8186
6456
1755
4995
5897
2149
7209
6679
2794
6350
2491
2390
8007
1173
2903
8409
8573
6931
6175
2089
6407
9066
8223
1537
6005
8495
5395
3109
6067
7767
3888
5861
2245
6636
8950
6826
3950
8925
9649
9259
1504
6654
3329
3137
6638
3542
9467
7444
7305
6775
2849
8059
1945
6329
8603
1633
1405
5990
2051
3993
8913
6663
6039
5865
5702
1428
3207
7323
1785
4591
9394
5705
4750
9981
3420
9609
1454
2031
5462
2038
3600
1114
9703
2773
5084
3505
2194
7512
4723
5717
3711
3912
7346
6539
6417
8083
7697
8096
7833
8698
4571
7889
5643
6353
3481
1532
6176
6897
9502
7866
8119
4929
9016
8205
8203
1246
7936
7876
7826
2748
9513
8179
6604
4540
4175
1076
8552
1768
8369
8571
1156
8906
8161
1402
9999
6092
3349
6186
8925
8242
7990
8038
2323
5926
8037
9470
6550
9427
1625
6810
1852
5512
6132
1077
6942
1582
1706
4328
4419
9694
2496
8100
3491
1967
4303
9631
2360
7428
4729
6658
3700
6292
1889
5551
3464
6723
5578
3835
5822
8936
3672
4280
4096
7341
7958
1721
8063
6610
4027
9222
7721
9353
5044
8466
8353
4734
9969
5062
1727
4359
9205
3688
7542
5555
9345
6117
9985
1264
3713
1204
5703
7446
8881
6206
1014
8557
3177
3470
4914
5514
6607
6743
8573
2535
4046
8291
7878
9651
8632
7579
3185
5339
6060
4197
7552
3044
3887
2442
6857
4451
2686
8449
4649
6488
8201
5248
5327
7576
4694
4571
5496
9623
9975
4050
4774
3424
4518
4020
5933
4212
8187
8053
8705
1217
2131
8757
3335
8806
1942
7684
9085
2807
3890
1661
2376
9103
9064
2670
6031
5389
7216
8255
9991
6612
5402
2863
1353
1334
2712
2976
6693
1650
1338
5461
3313
8257
6323
9263
6796
2996
8474
4778
7914
1648
5423
8958
4439
7308
3381
7407
4179
2139
5771
7758
6640
5323
1020
7034
5163
6445
8054
3346
1753
8787
9379
5933
4118
5365
5660
8811
5573
9928
3833
4388
6967
8077
5982
8671
9361
2529
6594
9330
8014
2528
5467
9091
7822
8271
8299
3880
5749
2037
7519
1313
7686
9739
5363
9030
4394
2238
2989
8787
7782
7576
7436
3158
6330
3350
3288
5745
8484
3282
3264
5887
7190
4351
5803
8451
8778
8631
4925
1847
6959
8374
7490
7857
4673
5345
9033
5751
2480
4359
3798
3278
9662
1348
8838
7085
6573
6879
7173
1852
4373
2461
2946
7565
9414
4397
3413
3576
8614
7083
5174
7961
3714
9137
7214
8515
4007
8977
8690
4940
2141
7156
6358
8925
3405
9274
5522
8625
5898
2066
8671
3939
1810
7857
1662
1544
6791
1297
2019
6756
4889
2662
9871
7770
4994
8642
8656
6664
6169
3708
9983
3414
8876
7671
1942
1732
2115
9777
8543
3915
6471
7787
4968
6738
2617
8159
6078
7166
9066
7096
9587
7842
8284
2704
5890
5485
5464
8838
5291
1644
8179
3120
1617
4615
6273
4517
7778
4027
8178
7102
7829
8360
1883
2843
7799
1920
4199
3452
2555
9431
2822
1850
9990
1078
4244
5262
7101
3813
6741
4214
7788
5122
6227
1525
3628
9017
6325
5263
7267
9681
8675
6258
1886
6699
2811
7833
1677
9285
2714
4624
2346
5718
1272
7784
4262
6279
4931
1642
9621
7249
9998
3094
2827
4527
8268
7381
3079
7774
5642
3879
7407
9351
2356
3284
1615
7151
9489
7247
4578
2264
5193
9530
2013
1375
1150
8631
7392
6890
9328
9610
8570
4771
3151
1630
6979
5590
1648
1358
9711
4472
2558
4648
3963
2449
7353
3279
6002
3263
5343
5722
6689
7191
5940
2985
4993
9301
2578
3973
4347
8673
4037
2736
5618
1714
8322
7420
7930
5991
2226
8335
3200
8910
5323
3905
9268
5516
3734
7772
6023
9613
2529
8362
4360
3442
7306
9112
6644
2457
2296
1368
6888
9807
2268
3203
9363
1466
3214
2092
2840
1869
4460
5561
4510
4608
5465
8459
7791
8404
2086
1769
9863
1598
2262
5928
5211
9440
7099
2730
5861
6724
4387
1773
1523
8552
9015
5754
6382
3453
2609
7899
3413
1074
9394
8039
4636
6555
6738
9795
3570
7891
9570
7870
7674
4627
3546
9652
6345
9549
3425
7338
2347
5896
9745
6738
1841
6998
6402
1119
4091
1318
2908
5317
7190
4778
4870
9715
7214
4014
6998
3983
3815
8271
6555
7441
8914
9095
5661
2738
8677
5874
8802
3239
9436
4147
6440
6803
8987
8656
2600
3298
7925
2681
5330
5689
6246
2252
5198
7659
1715
4360
1116
1684
7948
5945
4024
3563
1077
3019
9018
8064
3655
2443
4304
4358
7554
1303
3431
4253
4407
1043
1012
9805
8152
5106
4334
7429
5340
7848
9427
4570
5712
6454
3618
8495
5084
1903
2260
4332
1243
8604
3968
2726
3830
6502
8055
7478
8500
3346
3663
6686
7896
3756
4490
3214
8896
1748
6845
8007
8741
6443
9389
9683
5636
3257
6104
4149
9731
4883
4512
3186
1469
8679
7162
9002
4701
8100
8262
3072
2594
4368
4746
4000
8822
4503
2334
7639
3836
9660
6289
8201
8924
2336
5233
6902
8401
9821
6915
7138
8207
8423
9658
3735
4477
1271
6521
7697
4715
3306
1533
5502
4691
5616
1100
5369
1722
4275
6283
8654
3120
4517
9265
1628
4192
8367
4300
7470
1480
5741
5934
2789
9734
5358
6947
3468
4071
4629
1731
9671
9760
1242
4739
9933
7172
2227
8532
3101
5897
2433
9524
7439
1225
5263
4687
3806
5668
5958
9476
3519
3079
1151
7947
3578
8481
6825
3936
6652
3131
6075
8822
1735
6783
8329
3006
2959
3720
3649
4212
3482
6860
3886
6643
6166
7989
1246
6502
8949
8237
1851
2822
2021
1159
7558
7790
8844
1597
1812
7383
3886
1401
1747
4298
3324
5482
6946
9740
3145
2992
6585
3632
7078
5578
3813
3813
7449
7341
2325
7999
1893
8245
3137
8491
9006
8344
3911
9689
9619
3532
3387
4150
8289
6835
6673
1554
1262
3449
4588
1467
2250
7006
5702
6040
3084
1566
6506
7021
8285
6562
3570
9244
1940
7743
1327
6968
6077
3165
8198
6516
3148
1636
1196
4049
3751
5671
2166
5746
5631
9250
2374
5266
4865
8388
2810
4738
5248
7944
3976
7865
7606
8466
7974
3480
9835
7915
2361
4777
9567
7584
8520
3570
8734
3242
2015
6791
3398
2691
7362
1023
5541
2124
3309
6690
5918
3148
1920
8376
7713
2666
7671
4147
9777
3179
7666
6576
3257
5251
3347
6872
8142
8880
4586
9648
7506
2903
6485
6312
5187
7573
8114
4339
3642
7773
5136
4361
9291
5365
3745
7506
7549
5088
5534
2255
4292
2396
4206
1688
1124
4445
5902
7258
2821
6551
7905
7947
4122
8303
2640
7643
4881
6512
5613
4107
4034
4236
6390
9411
2884
7930
8094
7598
3673
2032
8584
6474
3912
1895
1717
7806
2149
9887
1589
8472
2529
1698
7599
6425
2099
3469
1526
9364
7276
8235
1566
8781
1033
8308
7225
1596
3891
8030
2834
9553
8451
6033
5870
3160
6172
5207
3826
3912
8077
5478
2355
2095
8024
6464
7333
7373
5714
7035
2572
6110
9352
9107
1809
2318
1181
4334
6175
6396
9045
9253
2005
9647
3512
8479
5198
6745
6335
1203
7868
6633
9807
6108
2032
1878
2396
6164
4822
3613
8841
4002
2602
3891
2924
9172
9147
2981
1520
7692
4709
1946
8262
7060
4262
4329
9485
3844
5990
2107
5809
8502
4035
3535
6707
1787
2953
6731
9371
8038
5778
6412
1083
4040
6324
2833
8894
4389
3438
2889
1435
6038
1681
3995
8310
9238
6357
4272
3375
3289
2574
3907
3219
2004
4394
4834
3829
1019
3110
3559
8528
5429
5557
7872
6716
2831
4604
9192
3795
7735
9040
3650
6149
2907
6248
9936
3355
2652
9507
5265
9883
5909
2597
5747
3454
3439
8369
4891
6209
3651
6677
4443
4970
1630
1034
8695
6884
6396
9849
5816
5144
3204
6503
9977
8437
4409
1010
9038
8795
5325
5894
9563
6720
7384
7231
6065
9817
4902
2333
8193
2752
3109
6311
6904
4685
5222
8217
6492
3259
3256
2249
7433
4832
9281
2152
8514
6246
6153
2260
1935
8129
4777
4436
8189
1393
8282
1538
9403
2774
8057
9158
7992
6087
7918
2175
2882
9624
8105
2882
9521
3485
4628
9572
4690
3472
9020
9525
2452
9673
9985
2214
8219
6395
5903
1530
5473
8384
6736
7439
4099
9547
3056
5858
9286
6414
6532
4881
6140
6160
8297
8289
7358
4470
2581
6542
1885
4807
8676
9020
4605
4564
2699
3825
9267
2001
8879
5566
1186
4542
8642
7427
1104
2223
6121
1955
1381
9410
3401
1211
9613
7726
3881
7475
6914
8009
4624
4638
3103
1113
7405
7521
2941
4511
2409
9362
8687
8038
4284
5158
5058
1436
1894
5363
9525
3590
7442
3987
7814
6246
3288
5686
5551
5814
8608
8591
1759
1103
7096
9639
8584
7788
4072
7806
6616
2039
7976
6018
6288
8598
9422
5068
4614
4233
1775
6314
3106
7048
2364
8924
8503
3426
1338
6693
7695
6001
9657
8233
2854
8760
3377
6399
6810
7220
3635
7572
5761
5034
9187
4493
6425
8257
3356
4608
2251
4557
3229
4766
5760
5181
7947
6787
1734
6247
9727
2566
3670
8237
5655
8535
6622
6094
3209
1475
8481
9003
2833
2919
4191
1301
3568
7283
9922
2514
7200
1124
2601
3992
4481
2799
2421
4520
7740
8986
5189
2062
3171
8047
7838
9627
9744
3517
6914
9243
9979
7387
4194
8074
1499
9939
5444
2818
9743
2931
5370
2874
1850
6344
9233
3508
1013
8315
8093
3242
2776
5072
8209
7458
2631
1241
6821
2042
2323
9413
2896
4046
1545
4583
6667
3606
8079
6735
4861
5436
4573
3995
5003
6202
3520
6055
7610
7654
8276
3692
5019
1226
4386
3475
9432
7986
7200
5771
3030
2529
8498
9165
7586
5282
3000
5074
8558
6795
4574
1391
8786
7643
3135
5612
1312
3800
7638
6694
9325
6747
7911
1895
9849
5299
1162
7944
9803
3337
7135
6360
1409
1163
2351
5522
1793
1703
4930
2829
4551
7753
5872
3298
1767
3273
6018
1129
9567
8966
2615
7063
9727
8765
8201
2175
8977
8873
6571
6487
1024
7239
1061
2942
6246
3965
3753
4581
8418
7793
1251
4734
9681
1954
2563
2575
9731
4990
4969
3820
8581
5784
2850
8218
4943
3552
9699
7955
3838
6422
7786
3367
8305
6653
4516
7526
7109
4144
9802
1018
4284
5729
8725
6028
2277
4793
6274
5766
6532
5315
4236
6206
6149
2046
9199
6590
3906
9262
2590
2080
2568
8215
6494
5706
2747
6916
1493
7883
4087
2984
6483
8891
8296
1276
6721
3957
6969
9181
9143
5674
5115
7110
1171
1398
3157
2934
3572
5805
6244
4420
4976
4695
4173
7571
4121
1365
8553
9906
9390
2968
9834
8733
6194
7594
9509
9635
5544
9094
6866
9067
5232
4547
4439
1966
4422
5434
3465
2629
7816
1571
2199
8654
6933
9867
8568
2637
4254
2350
6288
7235
3285
7824
3744
7997
2257
4343
2387
2501
2418
6437
1436
3503
7158
1904
3477
5079
9178
1955
1588
4558
9512
6389
1677
4715
9529
4800
2246
1715
5373
4647
3474
6173
9740
7839
6940
1603
7985
4588
8150
3862
8797
1204
6411
9677
4741
2784
6240
4875
1406
9703
9945
1776
1125
1962
4253
4216
1373
6137
3140
6365
6614
8960
1695
1528
6883
2342
4354
8811
9618
8175
9017
7261
3929
9423
7887
1338
4231
6010
7270
6950
4704
5225
3112
8854
1246
8449
8411
3207
3799
6836
5900
4894
7880
9524
8654
8489
6414
9376
4985
9000
1240
1684
5495
6479
4904
8937
6958
7932
6053
6560
3400
2522
7141
6008
6006
5376
8844
3921
4135
2100
7464
7658
6526
5270
7398
4349
5066
8948
3525
5839
6142
4990
7975
4821
8434
5171
6812
3657
8371
3478
2926
7681
3288
9398
7245
2948
3534
2824
4198
8148
8748
3459
3266
4031
4095
9388
9560
9858
8734
7393
1205
3569
7157
4385
2388
3753
4490
3160
2048
2379
8549
7858
7994
9249
1513
9105
6083
5925
9183
4827
5626
8608
8536
5537
6565
6474
9892
7693
8255
8074
1409
7048
9341
2886
2791
2893
8615
3064
5081
7919
6531
8531
2774
9201
1879
8367
4070
6612
5352
2426
6580
5286
1717
3122
6083
2827
2519
5214
3345
9312
1968
4187
6089
8220
7264
3180
4664
2887
5540
7245
2268
1366
8283
4898
1597
1237
1861
3196
2553
1952
1334
8442
3284
6338
8222
5363
1023
3572
4487
7691
8239
8662
6865
7320
2605
6887
1896
1683
7970
9795
9073
8122
1306
3145
1100
5228
7630
9895
3475
6982
5009
7544
2190
4399
3016
3918
5196
7800
1389
4708
4365
5133
2942
9803
2783
8456
2504
8509
6079
2980
5509
7649
1061
3762
2497
5083
7710
8999
2873
6265
3758
1520
8316
1088
8333
4691
5939
1955
3367
6053
9636
2641
7042
8105
6945
6761
9512
2779
2921
1244
7548
9559
2490
5993
2333
6498
1538
9622
4830
7053
2073
1373
7248
3563
3947
8572
7839
6386
6343
5281
4304
9923
6938
6822
9980
9585
8566
4201
5866
4514
2897
5298
4703
8059
4966
1491
2544
3667
2045
5712
7999
4861
3560
7605
6522
5062
4744
2771
8963
5737
2161
7042
6126
3395
7535
1512
5325
6550
5136
7481
8443
4800
8956
8667
9269
8842
1322
8702
6388
5300
1285
9316
3884
9801
6481
2936
6400
3630
9250
1609
6758
8387
7208
4259
2564
3996
3301
1524
5490
2679
7909
6098
1305
4457
1734
6931
4225
9041
4409
6942
1126
4019
4406
8691
7349
6925
8127
3835
6585
2554
8857
1545
6790
4035
7965
5051
7576
9846
4164
3607
2946
3137
5823
9049
1613
9774
6937
5351
6194
1429
8695
4653
9069
4427
8640
4431
1469
3787
1471
6734
7938
2869
1812
1097
1710
2442
9272
8758
9520
8950
8637
9176
6330
7464
5251
8073
2714
3137
6853
3439
3619
4346
2804
1140
1841
2255
9350
4070
7467
7596
2309
8697
3809
2709
4139
7302
1735
6890
5249
7667
3922
4861
1660
5990
6287
1841
4388
6538
4302
1758
6581
7167
9119
3588
7541
3692
4994
8569
7869
3463
4123
7198
1272
9396
3122
1403
3380
5518
7130
5852
5335
2872
1060
2870
6935
3338
7602
2987
5057
4846
6175
9807
6395
5748
3540
7751
3307
4471
3734
5253
7785
4685
7560
5565
2366
4296
3950
4659
5054
7579
6257
3500
3698
9865
1101
5028
8854
7064
4017
8354
7194
2340
3710
1718
4301
4580
1080
5798
3526
8841
3925
7600
6338
1766
8396
5380
5991
1290
3977
4190
7580
4563
5624
5164
2150
9181
8270
9061
1175
6167
6483
9443
1640
5060
9544
1055
9426
4923
6088
1306
2721
1561
2864
4144
1611
2864
9345
1601
8068
5784
9162
2871
9029
2886
4401
4893
3435
5863
1732
7585
2715
9507
2607
9651
7469
9180
1989
1301
8014
1515
3628
8765
6756
4911
9220
4323
5693
7568
1309
4007
4383
2358
1898
9864
3062
9406
3640
9382
6554
2849
9225
8929
8182
7231
8903
7204
7005
5168
8730
7431
7791
8624
5328
3837
2537
7921
5284
4220
1437
2179
5220
3822
4963
4970
3865
4243
9185
4586
8324
4085
6158
4683
2153
8178
1333
4757
3931
4465
9419
4011
8772
7489
9073
4505
6782
9241
2522
4013
7823
2928
1900
6998
7812
3456
6226
6897
8607
1809
2005
4521
2724
3742
2867
5072
1113
8308
3345
5543
8323
9501
8800
1341
3879
3456
1107
5620
5275
9899
2064
6631
2752
1991
4721
1077
9588
6633
4410
9324
2350
8616
7863
6154
9040
8514
1119
6497
1923
6291
9098
4531
6037
2508
4665
9681
3305
9521
1718
5732
6802
3560
9591
2743
5957
6789
8436
1472
3403
6035
5996
5251
1764
7426
3645
9964
7319
2197
9443
4670
6312
8273
2729
4248
4401
7557
6264
6224
2566
5755
3035
2129
6788
6033
6560
2752
4905
3189
1127
9924
1324
3506
2748
5864
9266
3859
4158
9907
4887
8714
8459
7000
5669
8314
9936
8726
9672
2017
7795
6256
5627
1681
1062
9522
8306
6014
7006
8160
4961
5975
5089
4420
3519
2123
9936
6176
7839
2598
5972
8310
6997
8345
5264
4132
7632
3285
6689
8238
7252
2276
5897
1370
3654
8866
9390
9816
9514
7316
5840
9191
1693
6035
9071
3248
7733
6934
4314
3203
1331
4353
8570
3397
9919
4258
5124
8826
5630
8239
6958
8148
6632
6149
8470
6112
7912
5589
6058
5522
9945
3342
4803
9591
6662
5364
6307
6575
9210
1526
4215
1039
7896
3033
8743
9613
9618
1304
7501
6151
8214
8365
9307
1327
2505
1941
6388
5107
4552
9565
7618
4813
9869
9608
6519
1062
7572
7745
6183
4020
4881
5743
6445
5142
6008
3809
4109
3177
2496
2948
6065
7676
6225
7869
5500
8844
4654
3096
1961
2705
3242
8536
4258
2221
6481
9052
8546
7393
8105
3361
2917
8183
5792
5351
8780
3237
9274
6006
3759
5502
3667
3039
1594
2099
2760
3423
4021
8796
5788
9201
9110
8508
5113
7486
7401
1799
5497
2375
8063
8551
2420
5686
2428
7542
1105
5847
3386
7147
2107
8647
4710
7337
3843
3803
6191
2716
3048
7747
6837
5466
3899
6639
1820
1961
8396
7130
6825
3016
8021
1277
3617
8696
7203
7283
4115
1932
6296
8075
8441
3227
7428
9946
8494
1504
8277
4645
5817
6905
9348
5493
6575
8926
7005
6861
1185
9409
7433
5778
8871
5642
5185
6823
7192
4974
2220
3529
7446
3551
2986
1691
5451
2721
9313
2385
9046
5776
3718
4965
7645
8004
2560
4739
3772
7312
8388
5395
4995
9952
7554
8544
6733
8102
3578
2363
6068
3897
5272
5455
4148
5805
4542
6693
2554
7981
6568
9037
9500
8498
8640
8355
3951
8027
8686
1397
1064
6067
5764
3660
4754
6027
2446
8272
8127
3855
6607
4795
9387
1830
6244
4488
3722
5743
7746
9521
7008
9691
4851
1387
2164
4594
6269
6881
3372
7567
5718
8060
9727
1136
9752
1847
4421
2943
6502
7803
6575
1419
9170
9166
6196
1674
8574
8580
4280
5717
7823
2620
2751
4064
5536
2650
8346
6010
1783
3818
8993
5268
1977
5751
5121
9924
7200
4214
3899
9278
6784
4220
1342
5869
5152
5489
8700
2651
7007
9331
6947
9721
5823
1135
8610
9344
4026
7644
9689
6180
4188
5264
5260
3971
9955
5693
9566
4626
7794
8402
2014
2492
4424
9490
2936
6911
1769
6929
3385
8474
2237
6660
4683
8409
5100
2754
2562
4701
6008
3210
5378
9975
6034
4060
9321
8397
1243
3905
1673
3277
2620
1806
9206
5009
4731
5910
3228
1165
4382
6425
7671
3017
9318
9737
5412
8759
2696
2882
3247
3813
7844
1382
9008
7970
8933
9025
5411
5113
9309
7478
5386
1385
6330
8540
9131
6822
2685
2884
1633
1476
6421
9445
3380
8167
1191
2605
1061
2504
1970
6917
7369
5559
4365
3808
1531
7815
3190
9104
6182
8289
4684
9365
5971
6084
3854
8678
3876
8532
9644
5717
1003
2675
5681
7481
2826
1242
4796
4274
6833
6697
5188
1293
4900
8927
6335
5997
1479
9683
5864
4350
2811
5983
4892
6239
3270
6225
4067
1975
3002
9628
5820
3779
3638
4005
1610
6062
3941
9758
7500
6754
5381
6426
8817
9349
6039
2912
5955
9230
8867
5853
1137
6352
3136
8928
6077
9853
5855
8069
5949
1925
5166
4588
4920
9425
9174
7609
9660
2409
4321
4302
7978
7392
3223
6313
1666
9608
4371
5580
7080
3845
3182
2605
8515
6808
6882
2320
6016
9661
2485
4263
1095
8855
7319
3522
8609
4219
9079
2153
4429
6665
2772
7276
2874
3581
9568
1085
7755
2506
4311
3185
3119
9056
3978
2950
7502
2260
6268
1389
6866
5175
9336
6876
8186
1632
1522
5143
6491
8624
5086
1263
5768
2746
1237
4871
5114
4976
5527
7024
7601
3529
1653
5758
6662
4395
5304
6326
8656
2848
6504
2368
2539
2840
2763
2015
6325
3242
5533
5711
8425
6586
3373
3838
4420
2482
3599
2597
6436
5183
2540
1785
7537
1500
1418
2959
9304
6816
7771
4560
4391
7159
6758
5169
6378
8901
9733
2449
6606
6344
7982
6923
5268
2712
6657
3639
5367
1190
3436
7029
4548
6099
5870
1536
9763
5500
4109
2868
9936
7145
6018
8385
8817
4921
9960
2916
7046
8237
6823
3191
5975
4573
2872
3607
1319
8948
7593
7441
1388
1979
5273
7970
1849
3897
4453
8720
5151
5293
3657
3000
7820
9339
2033
4163
2160
3984
2149
2489
2717
9981
5191
1936
2609
5460
1998
5287
7227
5334
3159
6291
1474
5180
3695
7282
6147
9305
7368
3233
4266
7768
7360
6325
9849
3743
9657
6081
5945
8879
8799
4614
8087
4436
2241
9332
2836
2092
6641
7628
5254
1655
4665
1830
8345
8517
3155
1774
2245
8426
4362
8646
9492
5310
1866
4191
5028
3785
4293
3732
2976
3486
7344
4989
9270
7889
2420
1291
7310
5844
3487
8777
1776
3707
3186
2860
8347
1223
4035
7927
5971
3246
6518
9170
5548
7332
2067
4482
5236
2993
5646
4749
8303
5287
4736
1610
3223
5846
6818
2441
4515
4689
1515
4958
8891
5095
3430
5383
1582
4379
5512
6186
1755
6542
6760
9963
5127
7305
5234
9503
5181
2113
2843
7493
2378
1407
6569
7238
9296
9734
5246
7954
3915
2904
6832
8585
2776
2548
5605
3629
3212
7249
2812
8339
3626
4194
6303
2179
6557
1801
5276
1830
8998
3588
3590
8640
8652
8413
6394
4080
3837
9461
3672
7658
7027
2782
6697
9709
4023
4377
5477
7025
5582
4165
1385
4762
5559
2328
7200
4587
2478
1135
2303
3500
9208
8982
9861
3493
9039
8365
1104
3067
6757
1134
8573
7841
2681
7806
4722
6775
4246
7243
8318
8858
5704
9367
2823
8332
5543
3812
4818
7607
7693
4518
9248
3660
2294
2683
3280
3796
9619
6303
3073
4242
5948
8268
5775
9560
8989
3243
1225
2500
5620
3077
9476
5896
6203
4622
4706
6506
6063
5621
3796
9495
7980
7936
5411
3876
9090
3221
3813
4703
3645
8323
7861
7174
4963
8313
6807
2895
3159
1656
6108
8352
7280
1299
1707
2561
5224
1898
2826
6293
5869
7293
6634
7230
2412
5038
3363
8046
2212
2226
1665
6837
3359
3992
8018
7714
5104
6261
8549
8299
1191
6319
4540
5249
9504
6886
6321
1542
6274
8033
1136
6856
4954
2494
6048
2315
6868
7636
5057
7447
4791
9270
1895
1929
4257
2214
1765
9823
8933
9310
9468
4792
3153
8079
4833
7515
9515
6171
9786
5122
1944
4482
8871
8541
7949
3704
1393
1580
9758
9877
5524
2772
8711
7912
4341
2519
2886
9877
3473
5088
9197
8388
7651
8012
7750
7602
5629
4782
8431
5798
8667
5240
1342
6160
7385
1879
3974
6634
8588
9073
6953
1845
1639
8183
6241
8024
7928
2433
1355
5545
6131
6546
4678
9225
7614
1281
6747
5668
3912
8366
7753
5342
6322
6413
1175
1139
1128
9923
2478
6616
1441
8289
6839
3245
1550
5802
8849
1452
1005
2935
9109
3610
1383
7554
2224
1643
1678
4626
5789
2276
3807
4775
9468
1517
6547
3038
4265
4845
1199
5652
6179
4177
7299
6648
8099
3893
5442
6740
3543
7360
1570
3706
2150
3849
9710
9225
1019
4625
8972
4306
1533
4769
8741
8371
4763
3198
7670
3795
3633
6403
8071
6951
5425
9246
6251
6795
9345
9757
1301
5051
6965
9594
7534
6620
2753
8556
3441
9099
4243
4679
9544
6676
3527
4242
5254
4798
7731
7011
1029
2707
1045
5702
9101
6692
3210
3306
7885
3351
6758
6299
2326
8169
3646
5740
9863
2764
4251
4811
9450
2829
5162
3703
2034
2891
5236
1634
3070
1967
5846
6067
2453
7231
5542
6588
1891
4489
4470
1065
8477
8040
4822
5634
6876
1109
8057
5461
8677
9757
1735
4530
5873
9988
5790
7263
2875
1134
7578
2700
8856
9909
1717
8150
2254
6421
6796
6513
9278
2141
8788
9811
7885
7058
2448
8957
4287
2753
9566
4566
2078
3193
1554
5577
2173
3746
3337
1031
7536
3866
5440
6305
1150
3823
9145
5751
9960
3308
7080
8180
5798
1771
3846
4131
5269
2942
7269
6191
8192
6593
5762
2301
3248
7343
5242
2998
6430
2232
6779
5677
6375
8894
8629
8245
9003
6823
1563
7755
8430
6252
1202
3651
7684
4003
5832
1430
2478
1891
4032
1519
1025
2642
5358
8835
8567
3224
8797
7508
8111
1697
6469
9393
3978
6323
1983
1880
7797
6053
4398
5735
6108
5682
9180
4504
3661
9551
7181
3469
1805
1271
2784
9913
4816
2611
8035
9143
7518
2574
2100
6115
4802
4664
5147
8556
9478
5008
5501
1274
7616
7840
4420
8240
2391
5697
3595
6284
9512
3337
4345
3345
7494
5326
2565
8280
1871
2428
5452
4605
4224
2476
2954
7254
3741
1961
2074
5330
3146
3428
7163
5529
3096
4430
5924
9340
6430
6633
5955
8212
2791
8782
3373
7187
1191
2050
9724
2206
8066
3119
1984
1829
6090
1704
3092
7807
1541
5886
2153
3499
1925
7657
7634
3927
5733
3837
8747
2342
6724
4779
8401
6299
8151
8510
5658
7483
5657
