9824
1819
6391
2385
4210
9558
1894
3097
1829
7376
3379
3751
1006
2491
6338
8474
9557
9385
4001
6485
4117
8048
1640
1340
1337
3915
4930
3988
6610
8275
2941
8520
8006
4377
1685
4305
6342
7153
9525
2424
3821
3765
2189
9770
3592
9273
1435
7954
6585
4227
3581
3800
6682
9615
7362
1989
4151
9021
4991
3564
1991
2258
3003
6581
6245
3257
3192
6220
9466
8685
3385
7465
1083
5782
8753
1531
4584
4783
5311
6253
6372
4607
6752
4675
4837
9676
4806
4822
4478
6090
9647
9028
6294
9454
7637
8730
5035
6474
6372
6948
8430
8793
4673
5146
8132
2216
5992
8743
3178
2577
6349
3141
2260
6034
6144
5837
9680
4032
1623
2137
7216
1928
2005
4235
9604
1447
1713
6304
9532
5856
5357
2999
3866
1770
3650
3374
9124
8727
6084
1163
6943
7874
8451
3676
2239
5856
4262
9605
8426
2193
7548
2980
8277
7667
5863
8217
4773
8028
6192
2191
3562
4660
9662
4577
6129
9611
2089
5000
9341
7152
7648
7707
2061
8409
5874
9768
3944
4642
2780
6506
4864
7547
7565
3066
2386
6725
9495
1600
7161
8745
2669
3171
9686
7709
7634
6676
4267
5267
4021
6625
7918
2406
1455
9628
5388
1408
5673
2262
5600
6338
4271
8761
4895
4865
6283
3235
3026
9843
9721
2577
5829
9611
7145
4090
6934
8878
8884
5112
6573
9051
5507
6068
4622
8520
4632
3680
5160
6078
8252
6270
4067
4164
7852
7495
3785
3669
4046
7550
2497
4828
7406
5751
1117
4331
2596
7126
5358
5683
9213
1349
1917
1036
5173
2197
9273
4744
5657
6470
6574
1321
2980
6470
1806
9636
7251
7511
4640
4078
7908
7604
4947
4704
9446
4823
2177
8568
3738
4292
4859
5222
5969
7036
1484
4142
4993
8970
3808
6706
9499
2685
3727
1667
8152
5165
4931
9217
1175
9971
4397
5829
8593
4525
5272
6005
9099
5204
5298
9899
6681
4835
9694
7830
7128
4249
8533
1860
5445
1974
6682
5554
4347
5586
7017
2353
1518
4582
1739
2570
6734
6349
9725
6371
7966
1785
9475
5936
3349
3792
3272
6229
6140
1546
2876
2177
2551
6509
4774
7632
4195
8950
6163
5097
3267
4649
8197
5332
5779
3521
4029
1759
8885
7281
8919
3710
4290
3946
3421
7606
9840
7153
3428
7631
5956
5615
5970
2362
4071
2054
3497
3126
5629
9838
9391
3557
1449
7921
6956
3611
8852
9814
8361
4111
9171
2363
6525
4921
7843
1302
6633
1362
2925
5617
3515
7144
9684
3829
9799
8929
2135
3415
2781
3452
5256
1122
3257
2729
7922
5942
7195
4328
4215
5443
7466
1325
2322
8259
7100
8488
7081
4293
1056
4170
2155
9191
9913
2592
2508
3471
9476
6385
7327
7515
4952
8617
4569
2056
6077
9792
4425
2977
7429
7546
8323
9181
5585
7397
3800
4718
4434
2315
2780
1164
6136
8259
6113
6799
5765
8384
3265
3574
8599
1001
1347
3961
9848
9897
7909
1197
5019
5781
3142
9445
3567
2794
9623
6800
5787
7553
7714
9790
1808
8135
6442
6708
2338
7820
5790
6401
1177
7519
3436
4627
1396
6406
3155
3256
7209
5485
9710
6192
8972
1965
1176
6117
8311
2844
1821
9706
6003
6081
5952
4726
8477
1591
2019
7136
1384
9076
9373
9232
7088
7679
5550
6955
7044
4540
2301
7215
7905
6953
8773
6959
9546
9552
2232
3147
4424
2201
8071
7281
5217
2092
5980
1073
5354
1788
3223
3827
5842
6268
3633
6467
8146
3022
4719
1101
6215
1549
1999
8870
3501
3306
8634
7668
3442
9600
1692
7407
1454
3862
4665
5202
2001
8602
2321
6952
2905
2837
7851
8820
3414
6753
6942
9967
1993
2872
7309
2190
7153
2823
2761
9437
7609
7278
1591
4734
7515
5608
7780
9209
7464
5547
3998
7544
1157
3446
4338
9452
7419
1464
7366
4383
3805
5453
7740
5938
2195
3034
3894
9213
7527
8598
8780
2546
3382
4983
4379
4653
6693
2117
2723
6296
7958
6079
2752
5581
9866
7717
5686
1560
3514
3440
6998
3861
9707
6982
6009
4333
9263
1972
9818
6445
7955
4028
4548
2239
9337
7813
4815
9796
8088
8293
3343
1910
7754
3391
7099
7805
8723
2494
3001
7042
4348
1454
6819
6587
1854
2873
4489
3162
3011
5162
3817
8701
6109
2578
1135
8760
3140
7910
5018
3526
3482
1933
1157
4127
3086
9440
7051
6487
3149
5281
4573
6348
2853
1602
8508
6725
6930
5565
6533
8739
5192
2676
5367
6679
8237
9418
4225
6422
5436
8312
9870
9894
1913
8074
1218
7642
9088
7692
3178
3043
8608
6700
9057
2418
2067
5707
6286
5983
6242
4397
6701
7440
4551
4798
1269
1125
1182
4784
8152
2147
6272
1444
3901
9409
2930
7166
2758
7637
7253
6943
6146
4900
2859
7299
1369
5052
1577
4030
4519
6485
4089
5380
1099
6121
1112
7310
8467
8610
4475
1537
1548
8602
6747
5096
4670
2119
4667
4840
1917
7064
7242
9926
4894
7785
6114
9908
1287
1932
8186
5643
1524
7251
4683
6777
2672
4361
7739
2839
2335
7893
1993
9401
9373
3642
6015
9313
9197
3853
7334
6867
5243
1825
4142
5213
3881
8174
5479
9620
2654
4846
2360
2670
3689
9108
1819
1439
9367
1996
8723
2252
2996
2245
6793
7115
4151
3810
2498
5087
6582
8040
8387
4004
2834
5018
8514
1492
9393
3477
7271
5891
5104
4906
6989
3162
3792
5328
4698
6990
5199
1036
3627
9832
7243
6271
9947
3327
2603
7501
1931
6980
6441
3241
2191
2966
8307
4141
3859
1923
6832
6298
8171
6851
1393
2395
7452
4286
4821
6743
2454
8072
9336
1935
1942
1950
5613
4813
4470
3772
9005
9904
4756
4760
8628
1942
6998
5134
7108
8065
2233
1658
1540
3036
7120
9063
2585
6261
9575
5360
7451
3056
2027
7660
1299
3867
9563
5350
1397
2548
3925
6816
9968
9554
8098
9252
3274
9869
9821
4218
5059
7657
3190
7022
9741
8336
1864
8345
4064
4857
1051
6114
9948
1580
2045
5878
7596
7269
9237
3556
7355
9512
6238
6274
2637
7492
7828
2357
1888
3375
2111
7183
3231
6099
7815
2731
6370
5802
8834
8280
6775
3150
1724
3925
7465
3620
2752
5129
8150
6802
1972
4673
1584
8585
2799
6748
4331
9582
1419
6473
8806
5529
4229
7746
7235
8176
8056
2299
4699
5693
9768
4915
8226
2514
4489
2876
5853
6619
5504
5039
9161
6060
5569
9160
6369
1020
4916
8705
8679
8771
8054
6470
7807
4899
4755
5401
3098
2084
5630
1689
4717
4936
6638
4974
1754
8369
5876
6455
6495
3466
1412
6678
6551
4845
4504
1010
3434
8529
7409
7765
8228
4106
4773
5400
7900
8182
7008
3728
6672
7881
9265
7774
7328
6619
2219
4684
9713
8649
7312
6387
3083
3478
2997
3023
2432
7486
9438
9499
7983
4852
3977
5426
3040
8563
4180
6252
7187
2193
5310
3917
9942
4221
1818
6932
6243
5442
2747
2592
7561
8151
1266
8416
8429
5249
1795
2624
4466
5316
9816
6428
6438
2818
1589
2239
3397
9402
9407
1528
7499
8754
9086
8171
3307
7560
5175
8306
9433
3234
1493
9402
4217
2556
3430
3056
9136
4719
5669
5654
2970
1722
4632
6992
5293
3925
8676
3170
5350
5485
5879
4602
1383
1516
1306
1407
7780
8865
6455
5059
2110
8731
3149
9533
1877
4344
9353
4742
9211
7562
5855
6857
1112
9702
1417
8682
5399
7966
9010
1948
7211
9669
4637
2040
7764
9126
6070
8339
2318
9423
8576
6534
1549
2332
9776
1780
3237
8145
2644
6879
5763
1154
8345
8161
3185
7238
4398
5152
3132
7444
3896
3569
6324
6509
6031
8372
6502
8045
3706
8162
7219
1263
2702
7554
2526
1203
1386
7427
2913
5283
8332
6845
6764
6182
7671
9382
5263
1077
7505
6133
7583
2186
4129
2818
9933
2907
9400
1458
8749
2807
3823
2445
1350
6447
8823
6381
9748
8355
7967
6933
5145
7981
3390
4286
2063
1468
4832
6141
9166
2287
5632
3774
7714
7489
1536
3142
3841
8625
1056
2951
1148
1437
7653
9558
7023
5508
1140
7959
2804
3817
3401
6044
9624
3655
8127
4519
7684
1901
8425
7435
1234
9547
6908
1195
1207
2341
5278
1538
2762
8270
7932
4196
8117
6077
7469
8174
9012
9514
7839
3148
1189
7314
5485
8649
9889
6636
9650
8561
7861
3990
3668
1799
4497
7922
5946
8846
5620
8662
5716
6990
7000
4016
4220
6038
2563
5950
2499
7204
6166
6492
5158
8237
2391
5147
2751
6715
4400
2311
5954
9937
6123
2411
7325
4300
8501
3040
8917
8190
8197
4629
3892
4948
7164
8046
9571
5184
3153
3161
2228
3382
6581
2125
5390
8758
3799
8475
8115
9015
2407
9974
4683
4288
8649
3027
3887
2009
2558
6702
7403
2412
2795
2249
3021
8781
9509
6099
1775
4102
9871
9349
1240
2213
3166
4567
2954
7372
1144
9999
3652
8815
6082
3700
4079
8818
3135
8915
2824
5034
6692
7469
7134
4647
1736
9058
4958
2664
1001
2164
2408
3440
4469
2362
7553
4624
1938
3464
2441
8651
3532
2771
8297
2628
5420
6024
5514
7730
7802
3498
4794
2845
4145
5283
2408
5301
2778
3792
4386
8322
2863
1964
1681
1117
4349
6224
1183
2303
4065
2730
6173
1877
5911
7915
5738
9762
1143
1805
7116
5170
9318
3999
2022
2497
1272
4025
6696
7900
5099
4496
2108
2098
9095
3260
4219
7006
6962
5159
9340
8024
3910
2801
8577
8196
6683
8179
3686
8874
4385
5502
8935
3009
6181
8610
2060
1270
5828
6587
9945
1723
7733
9132
3734
3213
4056
8468
1188
9319
4571
7785
7892
1943
6197
4062
8194
7003
9504
2901
9144
7384
2849
6861
5653
1580
2963
6621
9253
1064
8345
8004
5592
2028
8347
8727
6991
3490
1034
6042
4735
6802
8429
2857
5215
7046
7239
1508
6519
9615
3670
4108
6998
8420
6512
3752
4277
2435
7597
9927
1469
8243
6467
8645
6826
5070
1254
4825
1744
7118
1511
7695
3310
7736
3720
4701
7500
6223
6597
4666
6285
8277
3161
1842
9761
7777
1195
1612
3380
7348
3026
4690
3728
7284
3937
1028
6602
3359
9414
2171
1189
6861
8634
7912
6318
4773
9143
6528
7058
9925
6177
2531
1461
6927
4252
9510
4677
7750
1745
7237
4548
9233
1236
7534
8634
4029
4653
7061
5286
7483
6882
3074
4255
7169
7914
5103
2106
8759
2089
9144
5105
4963
2451
9356
2648
6199
5504
3695
5541
5605
6319
4484
2197
5649
8638
9183
2121
9281
6999
9001
3265
5304
4636
9879
9423
6353
1534
3389
1376
9519
5954
8725
7192
9924
6157
4663
6606
8058
1800
4862
3571
9805
5773
9043
1259
8036
6060
6583
7753
9645
3298
7652
7157
5205
8751
1841
8705
5485
6165
4746
7237
6045
7792
4082
7388
9039
8694
2264
5619
1194
3969
6456
7738
3505
9707
9105
8479
8476
4945
9973
7326
9724
8320
1968
6728
2413
3678
2799
7196
4013
6517
9584
6395
3068
4553
9836
9391
5937
7667
1777
9808
8705
4474
1185
9002
1948
7170
5183
5274
7897
1733
2794
5296
8081
2192
4938
7646
2881
6260
9188
7463
7594
1898
6883
5346
6293
4445
1800
7240
6811
4217
6388
3237
5641
3136
9777
8930
4272
9187
4087
7694
2164
6417
4993
8689
4157
4790
1295
3567
1624
1471
3430
2817
2564
5230
7079
4253
6757
3001
5367
4967
3417
4047
3272
6830
7955
2818
9677
5066
9406
2091
2334
2625
9648
8903
6089
7799
8888
2178
9281
6655
7817
8951
5342
4945
4335
6493
9218
6475
6583
9726
8998
2852
3589
9562
2770
5596
2485
1246
5543
2331
9195
6722
8708
2998
5576
5506
6883
2934
9254
9652
9339
1889
4838
6911
5417
9488
1556
6593
7261
9923
4382
5592
3621
9154
3407
7821
1168
6417
9808
2884
1083
8009
7539
2890
1177
2144
9707
2439
4710
6204
2903
2183
5293
4687
2762
6063
8859
3630
9664
9372
1942
1534
8231
7457
9823
5582
8491
1588
5593
2029
5526
8447
9884
4766
1669
2673
4395
8037
1713
2414
6739
4790
6079
8804
1682
9123
8785
9858
1906
4244
8056
6395
4236
3433
9552
5611
8166
4145
6950
1547
6198
7523
1813
2271
8580
1346
3364
9593
8094
6837
5195
8356
9454
6213
1106
7792
9782
9566
7283
6189
3386
1642
1046
7714
4898
8237
3370
3346
2071
3561
1661
4495
2440
2650
1104
5033
8757
2558
8328
5710
7149
8131
3144
8203
1994
6552
1162
7962
7620
3020
6580
7967
1013
2989
1848
8319
2595
6098
5011
2002
4456
9893
5725
6260
5418
2257
4109
4374
4271
8203
7910
6628
6329
3090
5956
9530
1421
2265
4682
4737
2132
6742
1722
6503
3356
7098
9233
5690
4265
5922
3650
7119
4604
4290
2664
3341
9135
8812
4802
6278
1587
8366
3078
2994
4586
4324
5320
7013
7259
9085
9537
3795
8977
6866
5053
4751
5385
7982
1824
6709
8237
8432
4214
6705
4715
1958
9046
1779
2621
5902
8552
6776
6237
5633
3400
9442
6437
3584
1494
1337
5584
7105
3561
3037
4858
9739
2812
9575
2263
1271
4256
2413
9313
3612
1671
5578
1958
5389
9054
3453
6035
2181
4573
8110
6885
5263
6120
1445
8532
3480
2037
8561
1213
3678
2386
9838
1608
2417
7778
8754
4579
8985
3206
9975
8620
5911
5248
1284
2773
7395
7817
1081
2260
8766
9736
1293
3965
3898
7460
5574
4169
8775
3638
7547
2217
3210
8079
6965
6748
3920
8122
9979
1600
4609
1050
5570
7966
8640
9904
1419
1340
7297
4426
7655
1595
2902
7193
3553
7405
4305
2008
3618
2625
1322
2588
2853
8481
4239
1568
7601
9051
2458
3982
8715
1782
9317
5346
5039
9439
5054
7386
5919
4137
8272
8658
3603
9605
7502
9265
6614
2020
6972
9012
4102
1896
1831
7393
1393
6168
9905
1370
3320
6264
5013
5089
1350
3644
3596
4223
9608
8692
3202
4471
3933
7218
8559
7325
2047
7434
4429
4734
1985
6792
6138
5173
9643
8381
3543
5189
7903
1691
8123
6718
9916
4447
1509
2026
3791
2067
8784
2579
2074
7035
3758
6529
2867
8144
2198
9434
3446
6987
2022
4437
1053
1352
9201
8788
9400
9227
7614
1798
3863
6732
3136
4429
5764
8883
2579
4739
6607
3738
1493
6211
6284
9167
7224
2873
6653
2383
9703
4640
2811
6442
3293
5141
8340
9128
8045
7397
2468
8749
4735
7380
3398
1730
2152
1304
3914
6305
3285
9247
9594
9165
3146
6819
1548
6320
3876
4471
5651
9152
8367
4662
9367
7113
5251
6222
8852
3076
6455
7347
1134
4789
1972
4656
6920
6765
8958
6171
4056
8263
1873
6826
9867
3768
3436
2248
6672
5421
2237
8902
7882
8425
2129
9112
6996
3831
8139
2143
6505
4030
9297
1261
1885
3224
4471
8887
6843
4106
9698
6191
3985
7242
3520
9637
4660
3149
7623
5688
2835
7277
2307
4413
8536
8247
7661
7399
5768
6379
2097
1266
2455
7048
8110
2187
4684
7637
6121
1182
5060
3633
1209
7278
1180
2314
3979
6802
9008
6309
4108
7564
2605
2955
9930
2154
4324
6169
8327
7377
5247
4084
8897
8123
2067
4023
4447
1659
1340
8960
8582
7186
9866
1087
5040
5788
3102
4147
7173
2604
5873
3541
9561
1159
9045
2607
5567
3038
2615
4979
4856
6584
5780
7044
4985
9964
4716
1562
1501
8013
2587
6579
7607
4328
6425
8053
4658
2578
3406
1902
1358
1165
5588
3970
4073
7962
8852
6849
2326
6966
7561
7627
5097
9097
1528
9939
3724
1681
7996
1536
7399
1451
2967
5595
4193
1258
1540
1014
2992
9392
7453
8767
7458
1069
9560
7277
4896
5758
8014
8222
3365
3682
4667
2957
2752
5036
4698
1044
9815
8504
6749
4790
6853
8992
3557
4908
7270
1965
5361
9670
5695
1996
9895
3290
9437
8025
9645
7384
7067
9274
9017
6612
1397
6840
5985
1265
3184
6451
1888
3723
4105
7543
9720
3481
2582
8079
4475
7545
3431
5006
9165
2565
9141
1418
6975
1199
7385
5802
5553
3685
4890
2505
1461
4821
7071
5381
6828
2548
2606
4279
1043
4752
5547
9673
5892
8683
9134
8994
4536
7020
3528
8638
4166
4261
1234
7955
3123
7995
9211
7934
5818
3834
4349
9769
2192
3094
8780
2744
1319
3632
4877
5916
5985
7582
6637
5429
2617
8360
2898
3924
5391
6107
5994
7864
5868
3901
7738
7767
2104
5723
4275
1341
3233
9967
9000
3957
1703
4666
5829
9707
8081
2145
4319
7538
8603
6965
1306
8508
1011
4799
2019
2504
4169
4858
3499
5012
9460
2803
2371
3342
6062
1576
8516
4513
2404
5079
9986
1558
9965
3310
5262
1619
5248
7720
2131
7017
1617
6885
6197
6846
8155
5353
7398
6322
8358
5939
5213
5407
2644
5546
9563
3553
1865
7133
3259
9970
2319
5283
4387
7628
3921
7452
1117
9492
6881
9810
8837
9335
6439
4741
4331
4505
1291
6598
5578
3348
4603
2525
8966
1860
5357
7736
9946
9335
8317
4056
6880
5264
8531
9251
5210
3300
8444
4684
1346
6980
4062
7852
5120
5229
8396
7788
2704
7845
1808
5296
2830
3023
4823
1639
5585
7662
9833
7242
1093
9672
8408
1976
3381
2621
7590
3078
5775
7462
6156
4850
2980
3744
4097
7647
1711
8214
3528
4326
1557
6077
4088
1119
1205
6963
7021
3540
5178
1389
3182
1394
9031
7407
3858
7725
2696
9574
1616
6100
3542
5367
5006
2036
8986
9716
3495
8597
3425
5930
7659
1153
7878
6461
8860
4262
4152
8321
4982
4103
9479
5480
8083
4979
6570
5053
1827
6190
5546
7827
8902
4812
8982
5280
5876
9674
3064
5026
9216
1051
3373
5800
9416
4012
3562
4534
9813
6363
4321
7064
5819
1886
1295
8420
8156
4196
2222
1934
9607
6520
2976
2524
9518
8405
2710
9491
5558
9392
2780
8067
1991
5882
3775
5411
3579
3537
3564
3189
4375
7235
1400
3393
7187
4631
2102
3973
5691
7691
2602
3784
5715
3227
8146
9187
7481
8537
4002
8884
7721
7521
5096
9434
3097
5247
1861
1699
9731
9237
5510
9646
2806
9594
2503
4406
3177
7184
4807
8438
5486
1043
5288
4359
5933
5341
3279
4111
4538
3771
5709
2055
8864
2715
6019
2273
3035
1702
3521
9614
8793
9919
3931
6029
2522
2607
1966
4190
5602
6485
1465
9428
5313
7160
9110
2928
9511
6616
2847
5711
4994
3790
4159
3155
4459
5990
4135
6064
2280
2816
7377
8941
4275
1740
4719
6372
2613
7211
6837
9639
1661
7861
4212
9455
1827
5585
4105
9400
6053
6759
2583
6084
6270
5812
4589
1428
9717
2653
9194
6457
8828
3286
1707
6827
7878
3811
1523
6763
3704
2312
1615
3222
8549
3929
6082
6971
2587
7484
9085
6028
1118
4095
6425
8765
5070
2551
2733
7777
4064
1938
4983
6143
8592
1723
8053
9433
4742
8190
8462
1610
6849
9204
2131
2510
8283
1112
8317
9812
8885
5747
1376
7890
8236
6639
9998
1019
8669
1787
1668
2795
4254
5924
4416
3879
7000
1555
7228
3545
9004
8465
8014
8494
4336
2350
2153
8171
5375
7046
3976
1427
4728
2302
5380
8185
3889
5828
4002
7422
1393
8984
9917
3821
6276
9546
4941
3090
1687
5919
1815
2485
1397
3401
3258
2401
6730
5322
7785
4604
8146
9024
5054
3584
1907
5700
8654
2905
9879
9140
8503
4021
8149
1505
7950
3940
4111
4745
8121
3765
6072
9814
1682
2734
7239
9020
8077
9055
1764
5934
3717
3108
1710
8747
2727
2012
2474
8950
7073
4989
3434
8110
6078
1913
8939
4397
5920
8090
9790
5724
4143
2261
5413
9199
3955
1990
9548
2691
1584
6045
1440
4712
7258
6741
3583
4634
6975
9465
9979
1659
1430
3144
1497
1184
9755
3834
6299
6020
9602
6838
5013
3916
4358
6143
5219
4439
3315
5154
6075
2920
1235
1299
6196
7491
4892
2468
3976
1779
1302
8502
1070
8109
4376
7810
7384
4101
2057
9270
2038
5762
2896
5883
1093
4212
1247
9781
7108
3292
7724
4650
2143
6104
5906
3323
8975
5973
2823
2793
7821
8558
3442
8442
6763
9302
6409
8766
3420
8038
6305
8302
1315
8821
7234
9511
8151
2957
1195
3128
1178
2984
9363
4660
1613
6122
3532
2629
9760
3181
7895
9142
8581
8507
4530
6775
6481
8120
8141
6060
9213
1888
4877
2040
8129
3034
5992
8075
2113
6774
5002
9159
7507
4553
6533
8894
2549
2920
2075
2996
1118
2070
3504
7537
8047
9059
6497
6118
9196
9387
4331
8881
8977
1241
1725
4992
6797
8102
8378
9481
2654
1509
7266
8120
8482
3553
4254
6660
1271
4181
7561
7013
4889
1727
5356
4451
6991
8306
7284
9067
3636
4188
4124
2059
8918
2242
7625
2611
8670
5288
1695
8685
4405
1715
5735
5487
4087
5487
3992
9192
7975
2321
6039
1811
6276
8308
6850
7319
9794
1379
6172
4800
8737
5546
6514
3216
3391
1636
1745
9897
2795
1333
5332
5260
7634
4564
5895
3377
2458
9312
4796
5177
4313
9198
9516
4493
1155
9462
4729
5778
3965
9465
6196
4046
8070
9399
7795
1390
9539
3367
7774
4833
1983
1970
2650
5037
3398
7035
3637
2717
3898
4456
2310
9642
9385
8495
5265
9137
5904
4959
6575
2638
6236
7670
1888
8742
3713
4580
4882
4681
7084
6758
3551
1792
4053
5570
5115
1921
8890
2865
5452
5273
8909
9477
7084
9662
9078
7931
5128
8546
6144
6778
9295
2003
3411
2453
9298
2399
2629
9944
3355
4930
2231
2227
6086
9904
9094
5932
6995
6595
2539
4362
5958
2235
7580
7979
8173
4034
6748
2684
8629
3660
3267
9562
1332
7107
1812
3800
6027
4064
1455
7652
8820
1000
1307
7882
2442
3245
3535
1131
6127
9131
7999
4874
7599
9187
9283
3057
5794
5876
6509
8048
3396
3792
1212
5464
7573
4659
8758
2051
9280
2422
4432
8121
7869
6875
9449
3229
6012
5865
2666
2509
2796
7981
1620
5242
4748
5077
9998
1025
6379
1189
6950
8569
8195
2105
4108
3122
4201
3910
4542
3903
5920
9898
1115
6589
9557
7605
6001
4904
9980
5741
6203
6301
3394
8902
7501
8303
1363
5986
1184
6340
9390
4540
6602
4366
7223
5535
8787
4174
3641
4768
2803
7888
6358
9619
7410
6485
9516
1051
4364
9887
4897
9396
6515
1241
9397
8383
1207
8458
1407
7665
5878
9367
8914
8224
7367
4516
4201
6971
2853
2266
1383
1230
8094
3939
9446
1053
6411
9794
5787
6193
1004
2817
3225
6427
5862
3885
8276
5866
7382
4166
8222
4414
5263
7564
5903
2882
4857
9703
1349
7947
1009
3868
8083
7634
5912
2543
8024
5907
8997
2886
2472
8954
3089
1211
1822
1421
4341
4388
6331
7391
6180
5331
9746
2418
8824
5802
4152
3574
4885
1750
4152
1884
1937
6385
3903
2992
3504
3303
2753
9691
2518
2193
9022
9806
7348
4183
9966
2842
5984
6931
1860
2144
5643
4424
3992
5937
2001
9730
9660
9575
1084
3893
2498
6960
9763
3697
5622
5542
4516
1881
3382
7501
4532
6137
3426
4078
8068
7773
4883
8412
6538
2686
5650
4050
4059
8465
1102
8457
1759
2408
1261
3373
3747
1680
5201
7410
4247
1842
5522
1904
5959
9347
2091
8608
1074
4664
5531
7888
9657
2900
2982
9675
3867
4292
7085
5803
8685
7784
1815
2155
9423
8861
5629
5906
1002
6094
5256
6561
1061
1438
3598
2304
5033
9988
8831
2350
5495
5676
2038
7050
7255
9756
6400
7966
4464
7274
2006
5101
3121
9900
9617
3820
5890
4178
3193
5651
3786
4187
3719
3802
3510
8031
7717
9812
9156
2895
6257
1082
9121
2582
1877
4650
3750
6246
3423
3226
7387
8052
8860
6263
2507
7869
2861
4737
6938
6004
7753
8791
7788
8244
2360
9028
3930
4281
7241
1319
9832
8550
3013
8905
9321
4128
5425
6993
5317
5263
2553
7875
8978
9959
6397
3968
4728
8391
1761
7435
6526
6983
2614
8036
4435
7990
5156
7731
5847
4084
8229
1535
4150
5012
6044
8869
6947
2270
3046
6076
9980
7353
4998
4304
7637
1909
8437
1451
2749
4056
3359
7797
5733
6001
2911
4438
5908
1589
7967
7336
7141
5549
1009
8340
5424
5226
1129
2548
3000
3289
5877
1700
1471
6983
1719
6346
5941
1275
6251
3055
5615
4856
4210
5703
3208
9165
9728
3952
2508
4438
5904
4504
4686
7812
1181
7173
5364
4527
2220
1178
6332
5648
2735
8169
4401
3660
6894
2788
9556
2769
6849
8424
9372
4556
2982
5700
4047
7150
8802
2542
8289
5608
1157
6608
5622
3980
2015
4465
1480
9228
1121
5477
5148
1100
2523
4079
7113
5977
2152
2214
7237
6448
9918
4868
8347
6224
1216
4316
7199
6645
1601
1751
7102
3950
5623
6300
7561
7938
1523
5589
9082
4720
6703
7338
1038
9275
4293
5070
3919
2251
1908
8321
7626
1582
3912
6814
5036
3694
6107
6582
6329
2208
5113
2848
1315
2482
6967
1138
1285
6602
4101
8198
2503
5824
5380
8741
9145
6669
5551
8961
2178
5860
4837
4653
1761
4414
2588
5907
3821
2762
6308
7340
7340
8364
9470
8025
4072
3929
3293
5402
1597
9547
9630
1224
4419
3246
8195
4919
9094
4610
3131
5600
1501
6585
3149
4634
5618
1008
8396
3498
1835
6507
2618
3950
6677
7687
5312
5049
6087
8576
8919
6437
4624
4737
5873
2153
8066
6405
8742
1691
4459
8984
4656
6594
8481
6900
5026
5323
1890
7723
4564
2883
9629
3986
8839
6603
8842
4616
8358
9647
3007
2229
4658
1938
1665
8787
7786
2252
6509
2249
6094
6751
2461
3215
5990
6679
8664
5214
6473
1538
9422
4369
1164
3069
6806
3611
7450
3753
4697
4059
4649
8422
2605
3336
5235
9534
7014
1329
3370
3124
4220
6049
6881
9295
6307
7073
5737
7737
1914
4976
5220
7566
2918
2312
6533
9885
8123
4700
5320
7586
1690
9107
6303
6769
9603
8788
8527
3423
7139
7613
2479
1360
4747
6420
4875
7745
5321
7090
4409
8896
9574
4278
3826
8758
7185
8032
6236
7061
1971
5978
8771
3481
2306
6111
3489
1665
8670
3023
7936
4414
6525
4013
9691
7883
8439
2282
2849
5289
1546
2301
1624
5971
3579
3970
2575
2172
4222
9522
1701
5446
7986
9179
5092
1684
7491
8533
2795
2367
1945
6234
7474
5928
1564
7943
2551
6660
1282
6526
1526
8407
8188
6989
5725
9152
4138
3400
9874
1922
8147
1286
2130
2016
7693
3142
3872
8198
8261
9968
9245
7528
2147
4867
7322
6300
5661
9814
7377
9552
9860
5476
7842
4499
6884
3882
5694
3152
7677
5389
5245
1838
9445
7794
1908
2799
9308
4106
3802
8990
4044
3514
8527
1360
8762
4595
1159
3414
1415
7169
3906
2114
8961
8148
9784
7838
6423
7463
9038
6597
3543
4721
7018
8336
7212
5203
1347
1157
8736
9418
7197
5158
1730
5206
9237
9329
1321
6059
1793
6082
4934
3329
4806
8562
7584
4905
7561
3542
1443
5969
4162
4522
9959
1734
5806
2185
5293
9230
5201
9523
2978
3035
8424
4948
5065
3018
3387
8875
2068
1873
2419
7388
8581
8648
1662
9138
4552
4275
7928
1062
9737
7129
8608
6899
5740
7758
8982
5819
6751
1242
1230
8979
2896
5083
6041
7240
8033
1195
4875
1623
1533
8356
4013
7903
1117
2962
4929
8404
1838
3138
4863
5864
1854
1478
1028
8727
5338
2522
1459
7941
3531
9036
6341
2985
5037
6716
9738
9710
5015
3352
4704
9586
3213
1030
8090
4634
7496
9870
3982
3630
5198
9810
8383
4937
6582
5040
3261
4894
5291
6492
4229
6433
4607
7065
1026
2326
2767
8335
8982
8160
2369
2789
1813
6947
4568
6131
6773
3637
3723
6865
8010
3365
2981
8100
5813
7228
6352
6020
3540
8864
9674
4299
7300
9864
4877
5435
5224
9561
7177
9696
2105
9371
9696
8834
4587
9917
4671
6104
4236
1597
8187
4730
8502
2789
3348
8436
5343
2128
7698
1354
8834
3285
8302
4035
2945
1203
8245
6523
2944
1008
3192
7239
9402
7484
6302
4714
9191
6907
3474
9721
2268
4589
3283
6780
6485
2527
4226
3724
6548
2009
4482
1628
3332
2366
1082
5632
3098
7012
2819
1170
9476
6777
6942
7145
3408
1596
2217
7113
1950
6318
3374
7824
9882
4485
1608
7055
3139
3228
8059
7256
7605
8217
3913
8519
5690
5840
8092
1041
1095
1138
1540
4451
2061
3307
4657
4962
6696
7272
1154
1692
3840
7286
1903
3530
1347
6951
5216
2403
2336
4539
1667
1632
3878
7548
6582
4135
6514
7454
3503
5356
9691
5758
2165
1618
2671
7701
9242
7533
8125
4532
7307
1938
1666
7058
8078
8872
4218
1624
6923
8608
8641
2984
1895
9518
2430
2075
7324
1057
4496
1160
2094
1496
9421
5280
9925
9501
1993
2756
7060
6364
5634
1816
5769
6685
2466
7525
8490
9378
7924
5703
3229
8781
9531
4064
5735
8414
3466
3378
7218
8626
8566
7506
3036
3150
3043
2298
6760
8578
2326
8770
3252
9737
2669
3540
7277
2682
8862
7203
4799
8770
1438
4327
7986
2813
4177
5463
4993
6903
1148
6528
6758
1948
3578
3834
8089
1210
7147
3790
7665
6622
7689
2541
3421
1604
9933
5435
7355
6779
4026
5129
5855
7629
1321
9218
4540
8859
8332
3569
8063
7717
2747
9931
1998
4852
6293
3369
6322
6775
3529
8985
4338
4471
6387
6470
1093
9242
7092
7248
8042
7190
4083
8235
2263
7301
9019
1331
9461
3766
5329
9835
2827
6437
9892
2256
7193
5859
4378
5794
5617
1993
4805
5741
7376
3188
5607
7580
2997
5737
5350
5354
2895
8605
6076
2153
9117
6389
8162
3212
6686
6233
1577
2859
2580
3571
2963
9834
2312
6450
9982
8043
8878
7598
9887
6627
6460
2289
5032
7284
9518
8630
5876
2508
2667
5349
3786
3090
2091
6155
6517
9610
7313
4885
8906
4697
2213
9430
8756
7524
8587
5841
5800
9203
5666
9955
7342
4416
3976
3955
1999
3847
6678
5704
2466
9835
9395
3265
7993
5553
6693
1990
8521
8211
3083
2206
5227
2384
4980
3712
9781
3728
1852
2910
5583
2949
4867
6342
8741
7595
8547
5369
3034
5584
4311
3017
8782
3067
2470
7461
5217
8417
1442
3896
7009
1919
1501
8571
2965
4187
3123
5223
9906
8140
1423
9439
6666
9903
1153
9076
7829
8268
4664
1490
9476
4688
8428
5600
7843
2038
1367
1582
4959
1279
1922
4300
3738
7640
5743
3621
2548
1448
5046
5756
6083
8932
7300
9077
3473
3721
5206
2088
2729
7989
2936
5640
7423
2794
1366
7714
5184
9626
9331
3810
